init/base/latitude: 41.032908
init/base/longitude: 29.260238

init/rover/latitude: 41.032823
init/rover/longitude: 29.260379